0.009
0.072
0.079
0.005
0.059
0.076
0.053
0.076
0.078
0.131
0.241
0.349
0.376
0.318
0.198
0.094
0.116
0.035
0.071
0.097
0.063
0.034
0.067
0.032
0.067
0.028
0.016
0.041
0.016
0.046
0.04
0.105
0.089
0.129
0.075
0.063
0.034
0.05
0.048
0.032
0.036
0.032
0.057
0.106
0.209
0.209
0.204
0.093
0.12
0.096
0.034
0.013
0.034
0.077
0.088
0.172
0.183
0.215
0.244
0.197
0.222
0.14
0.081
0.161
0.229
0.215
0.175
0.067
0.048
0.032
0.051
0.032
0.058
0.128
0.059
0.043
0.024
0.038
0.085
0.145
0.043
0.046
0.066
0.058
0.032
0.035
0.017
0.03
0.023
0.048
0.031
0.034
0.049
0.093
0.141
0.037
0.081
0.062
0.022
0.041
0.022
0.026
0.084
0.105
0.098
0.084
0.047
0.015
0.021
0.047
0.127
0.099
0.16
0.18
0.138
0.148
0.072
0.024
0.044
0.033
0.042
0.053
0.016
0.061
0.087
0.14
0.103
0.057
0.08
0.077
0.086
0.12
0.104
0.026
0.059
0.078
0.177
0.155
0.125
0.096
0.046
0.019
0.022
0.057
0.031
0.06
0.031
0.039
0.039
0.028
0.044
0.031
0.016
0.013
0.026
0.021
0.027
0.03
0.027
0.003
0.041
0.024
0.041
0.069
0.046
0.037
0.057
0.021
0.035
0.008
0.035
0.016
0.028
0.039
0.022
0.034
0.022
0.014
0.022
0.011
0.035
0.036
0.055
0.036
0.027
0.052
0.049
0.036
0.033
0.006
0.075
0.115
0.136
0.139
0.119
0.03
0.024
0.046
0.061
0.025
0.023
0.012
0.027
0.024
0.026
0.054
0.045
0.035
0.048
0.052
0.048
0.064
0.058
0.027
0.033
0.11
0.104
0.066
0.048
0.013
0.027
0.013
0.01
0.041
0.049
0.01
0.058
0.065
0.064
0.117
0.091
0.123
0.102
0.045
0.058
0.033
0.039
0.021
0.04
0.025
0.016
0.028
0.016
0.057
0.044
0.041
0.025
0.018
0.022
0.025
0.051
0.037
0.034
0.034
0.046
0.065
0.071
0.065
0.024
0.03
0.034
0.022
0.043
0.081
0.13
0.116
0.133
0.119
0.067
0.064
0.064
0.055
0.035
0.011
0.022
0.016
0.033
0.028
0.036
0.022
0.003
0.03
0.025
0.022
0.014
0.036
0.037
0.05
0.012
0.042
0.027
0.033
0.024
0.018
0.012
0.006
0.021
0.003
0.018
0.015
0.036
0.052
0.085
0.075
0.033
0.027
0.012
0.015
0.024
0.015
0.003
0.044
0.069
0.069
0.062
0.024
0.009
0.018
0.046
0.049
0.039
0.021
0.012
0.027
0.012
0.034
0.025
0.031
0.025
0.038
0.038
0.053
0.022
0.023
0.013
0.027
0.027
0.02
0.016
0.036
0.039
0.056
0.029
0.019
0.036
0.019
0.086
0.093
0.1
0.096
0.049
0.043
0.027
0.021
0.021
0.019
0.009
0.016
0.037
0.047
0.044
0.034
0.012
0.018
0.028
0.032
0.041
0.069
0.069
0.069
0.106
0.081
0.088
0.088
0.077
0.039
0.043
0.097
0.12
0.094
0.076
0.062
0.062
0.023
0.023
0.02
0.044
0.03
0.041
0.023
0.092
0.14
0.264
0.234
0.185
0.132
0.029
0.069
0.022
0.022
0.04
0.064
0.066
0.089
0.174
0.124
0.087
0.064
0.021
0.029
0.11
0.07
0.128
0.081
0.035
0.148
0.233
0.267
0.345
0.223
0.207
0.099
0.036
0.099
0.068
0.032
0.089
0.084
0.019
0.029
0.0
0.056
0.055
0.02
0.096
0.131
0.168
0.061
0.019
0.076
0.052
0.047
0.049
0.032
0.005
0.022
0.014
0.034
0.014
0.024
0.01
0.025
0.0
0.026
0.013
0.065
0.082
0.076
0.082
0.02
0.035
0.031
0.02
0.033
0.041
0.031
0.028
0.01
0.033
0.005
0.098
0.163
0.163
0.16
0.054
0.064
0.009
0.014
0.017
0.056
0.046
0.041
0.062
0.062
0.077
0.042
0.035
0.024
0.016
0.014
0.041
0.017
0.01
0.022
0.033
0.012
0.043
0.065
0.049
0.092
0.137
0.157
0.14
0.096
0.107
0.04
0.025
0.017
0.012
0.035
0.013
0.01
0.026
0.023
0.103
0.076
0.078
0.101
0.067
0.017
0.023
0.015
0.01
0.015
0.025
0.023
0.039
0.031
0.054
0.054
0.057
0.054
0.091
0.099
0.122
0.1
0.073
0.045
0.033
0.016
0.041
0.086
0.073
0.073
0.058
0.035
0.071
0.092
0.105
0.128
0.144
0.105
0.083
0.025
0.058
0.066
0.057
0.166
0.17
0.23
0.171
0.099
0.089
0.053
0.154
0.269
0.243
0.39
0.265
0.21
0.101
0.222
0.025
0.127
0.09
0.099
0.048
0.079
0.016
0.069
0.077
0.053
0.069
0.088
0.063
0.045
0.068
0.021
0.023
0.032
0.026
0.116
0.088
0.07
0.055
0.021
0.046
0.082
0.069
0.053
0.022
0.002
0.016
0.053
0.078
0.072
0.042
0.027
0.016
0.037
0.024
0.02
0.089
0.066
0.064
0.094
0.084
0.076
0.072
0.052
0.071
0.027
0.01
0.09
0.153
0.162
0.104
0.045
0.047
0.092
0.126
0.114
0.11
0.134
0.103
0.111
0.071
0.013
0.022
0.015
0.065
0.02
0.038
0.022
0.007
0.022
0.038
0.025
0.007
0.017
0.011
0.053
0.147
0.226
0.209
0.169
0.063
0.05
0.023
0.056
0.048
0.048
0.083
0.073
0.072
0.048
0.018
0.048
0.006
0.02
0.0
0.023
0.015
0.029
0.107
0.108
0.093
0.069
0.021
0.009
0.043
0.047
0.064
0.051
0.059
0.053
0.062
0.029
0.046
0.064
0.044
0.029
0.01
0.017
0.019
0.013
0.014
0.022
0.025
0.025
0.007
0.017
0.017
0.028
0.045
0.079
0.058
0.06
0.048
0.027
0.011
0.051
0.051
0.043
0.035
0.014
0.03
0.057
0.052
0.117
0.107
0.157
0.123
0.021
0.076
0.015
0.024
0.012
0.035
0.039
0.038
0.044
0.034
0.03
0.045
0.017
0.034
0.024
0.093
0.166
0.153
0.131
0.084
0.08
0.099
0.138
0.152
0.086
0.081
0.02
0.035
0.02
0.023
0.065
0.088
0.099
0.038
0.026
0.032
0.028
0.053
0.039
0.031
0.027
0.047
0.002
0.023
0.01
0.02
0.033
0.025
0.144
0.142
0.124
0.101
0.064
0.036
0.036
0.032
0.028
0.035
0.039
0.046
0.037
0.048
0.01
0.015
0.023
0.012
0.015
0.011
0.024
0.029
0.059
0.042
0.036
0.033
0.008
0.055
0.027
0.033
0.038
0.012
0.004
0.031
0.038
0.053
0.05
0.02
0.03
0.038
0.043
0.049
0.023
0.011
0.018
0.006
0.004
0.026
0.044
0.041
0.05
0.028
0.003
0.019
0.003
0.015
0.027
0.031
0.087
0.085
0.085
0.065
0.029
0.063
0.073
0.08
0.04
0.036
0.012
0.039
0.014
0.014
0.024
0.014
0.035
0.032
0.057
0.049
0.026
0.032
0.034
0.009
0.011
0.04
0.03
0.018
0.06
0.08
0.09
0.084
0.045
0.038
0.051
0.026
0.018
0.034
0.014
0.024
0.013
0.005
0.022
0.04
0.017
0.004
0.014
0.014
0.017
0.017
0.007
0.005
0.024
0.017
0.016
0.009
0.016
0.027
0.027
0.037
0.024
0.017
0.013
0.014
0.031
0.018
0.023
0.033
0.007
0.024
0.023
0.038
0.026
0.041
0.032
0.015
0.029
0.024
0.02
0.005
0.011
0.018
0.007
0.012
0.012
0.037
0.081
0.036
0.012
0.022
0.022
0.021
0.028
0.028
0.025
0.013
0.027
0.015
0.017
0.027
0.036
0.037
0.035
0.032
0.019
0.037
0.051
0.015
0.04
0.044
0.038
0.05
0.027
0.012
0.018
0.042
0.007
0.007
0.013
0.013
0.017
0.045
0.049
0.046
0.04
0.043
0.043
0.013
0.004
0.013
0.015
0.018
0.031
0.032
0.066
0.014
0.027
0.035
0.011
0.088
0.126
0.165
0.058
0.021
0.04
0.019
0.009
0.021
0.026
0.018
0.013
0.018
0.02
0.101
0.111
0.095
0.099
0.106
0.136
0.144
0.121
0.06
0.027
0.004
0.026
0.034
0.062
0.061
0.082
0.071
0.073
0.047
0.057
0.026
0.028
0.003
0.011
0.044
0.077
0.049
0.015
0.02
0.036
0.023
0.046
0.046
0.016
0.039
0.04
0.046
0.019
0.022
0.023
0.04
0.011
0.025
0.04
0.017
0.01
0.067
0.024
0.045
0.16
0.017
0.028
0.045
0.233
0.217
0.212
0.102
0.047
0.023
0.041
0.072
0.056
0.063
0.044
0.052
0.026
0.063
0.079
0.078
0.051
0.065
0.054
0.062
0.068
0.058
0.034
0.03
0.079
0.074
0.033
0.042
0.017
0.033
0.019
0.05
0.011
0.015
0.04
0.053
0.053
0.053
0.035
0.059
0.052
0.033
0.011
0.038
0.04
0.053
0.077
0.059
0.058
0.039
0.012
0.084
0.104
0.097
0.093
0.019
0.039
0.008
0.025
0.024
0.026
0.034
0.112
0.084
0.157
0.06
0.052
0.042
0.009
0.011
0.023
0.017
0.009
0.024
0.048
0.04
0.093
0.033
0.025
0.026
0.008
0.022
0.014
0.053
0.138
0.165
0.172
0.123
0.021
0.039
0.032
0.022
0.083
0.03
0.01
0.001
0.019
0.006
0.003
0.012
0.019
0.024
0.021
0.007
0.015
0.013
0.009
0.024
0.029
0.024
0.025
0.022
0.005
0.003
0.025
0.019
0.027
0.021
0.019
0.016
0.024
0.014
0.026
0.039
0.041
0.049
0.046
0.035
0.027
0.041
0.028
0.037
0.049
0.012
0.009
0.02
0.033
0.025
0.008
0.011
0.006
0.016
0.022
0.016
0.025
0.019
0.041
0.048
0.048
0.03
0.009
0.023
0.022
0.026
0.036
0.025
0.027
0.033
0.027
0.027
0.022
0.027
0.013
0.007
0.027
0.027
0.035
0.012
0.012
0.024
0.024
0.012
0.01
0.014
0.019
0.046
0.021
0.017
0.005
0.012
0.037
0.022
0.088
0.018
0.039
0.016
0.031
0.006
0.046
0.039
0.045
0.078
0.08
0.08
0.038
0.027
0.058
0.043
0.027
0.034
0.004
0.01
0.03
0.045
0.131
0.119
0.105
0.1
0.041
0.012
0.006
0.006
0.049
0.01
0.033
0.036
0.049
0.078
0.058
0.047
0.048
0.05
0.075
0.077
0.039
0.037
0.004
0.023
0.021
0.039
0.016
0.04
0.028
0.0
0.01
0.02
0.044
0.074
0.049
0.049
0.046
0.011
0.027
0.023
0.021
0.033
0.031
0.009
0.011
0.013
0.015
0.009
0.015
0.004
0.008
0.006
0.028
0.004
0.02
0.023
0.018
0.017
0.021
0.015
0.021
0.019
0.015
0.038
0.038
0.019
0.034
0.031
0.019
0.014
0.035
0.112
0.121
0.123
0.1
0.087
0.058
0.041
0.018
0.053
0.02
0.02
0.034
0.015
0.017
0.028
0.02
0.018
0.062
0.042
0.117
0.085
0.052
0.014
0.029
0.012
0.047
0.055
0.064
0.061
0.055
0.045
0.04
0.021
0.023
0.063
0.046
0.036
0.051
0.034
0.05
0.019
0.005
0.014
0.012
0.017
0.019
0.027
0.047
0.017
0.036
0.024
0.026
0.019
0.034
0.049
0.039
0.032
0.024
0.039
0.032
0.027
0.059
0.022
0.007
0.025
0.03
0.028
0.041
0.041
0.028
0.015
0.028
0.043
0.048
0.016
0.058
0.077
0.069
0.07
0.038
0.055
0.07
0.083
0.041
0.026
0.054
0.014
0.044
0.028
0.02
0.022
0.055
0.082
0.096
0.066
0.053
0.112
0.101
0.056
0.083
0.08
0.088
0.035
0.031
0.039
0.016
0.045
0.029
0.075
0.089
0.108
0.124
0.063
0.025
0.027
0.018
0.034
0.049
0.084
0.061
0.044
0.059
0.031
0.024
0.024
0.077
0.033
0.016
0.03
0.03
0.009
0.023
0.073
0.085
0.021
0.088
0.035
0.029
0.047
0.026
0.029
0.085
0.034
0.019
0.019
0.049
0.065
0.112
0.129
0.14
0.09
0.02
0.066
0.038
0.026
0.043
0.099
0.09
0.055
0.02
0.026
0.026
0.028
0.043
0.047
0.05
0.041
0.033
0.005
0.022
0.034
0.029
0.078
0.033
0.024
0.027
0.012
0.006
0.009
0.018
0.066
0.078
0.088
0.084
0.052
0.021
0.039
0.06
0.092
0.099
0.095
0.098
0.049
0.088
0.051
0.021
0.044
0.052
0.069
0.05
0.051
0.078
0.088
0.093
0.064
0.053
0.051
0.014
0.031
0.046
0.043
0.066
0.084
0.083
0.061
0.063
0.024
0.022
0.037
0.092
0.113
0.072
0.035
0.051
0.043
0.046
0.049
0.078
0.062
0.074
0.089
0.086
0.063
0.071
0.09
0.036
0.045
0.02
0.011
0.013
0.023
0.021
0.06
0.031
0.031
0.041
0.045
0.032
0.037
0.029
0.024
0.007
0.055
0.03
0.015
0.041
0.04
0.038
0.044
0.033
0.024
0.051
0.092
0.08
0.024
0.026
0.021
0.013
0.018
0.082
0.081
0.041
0.058
0.015
0.005
0.042
0.018
0.01
0.005
0.05
0.05
0.022
0.068
0.017
0.046
0.074
0.065
0.034
0.014
0.017
0.011
0.063
0.037
0.018
0.041
0.003
0.018
0.015
0.006
0.016
0.016
0.016
0.039
0.02
0.054
0.047
0.006
0.016
0.01
0.017
0.052
0.041
0.07
0.041
0.02
0.0
0.044
0.062
0.037
0.023
0.024
0.028
0.01
0.01
0.021
0.014
0.011
0.018
0.014
0.052
0.086
0.078
0.091
0.026
0.034
0.101
0.127
0.101
0.076
0.044
0.004
0.015
0.018
0.018
0.011
0.067
0.091
0.171
0.177
0.164
0.139
0.108
0.051
0.045
0.05
0.016
0.053
0.065
0.027
0.034
0.071
0.042
0.042
0.025
0.007
0.083
0.034
0.022
0.042
0.038
0.071
0.098
0.0
0.07
0.032
0.036
0.034
0.039
0.021
0.075
0.156
0.217
0.186
0.089
0.077
0.049
0.011
0.058
0.05
0.042
0.042
0.026
0.041
0.053
0.059
0.14
0.161
0.123
0.088
0.111
0.041
0.015
0.019
0.035
0.004
0.058
0.025
0.021
0.042
0.052
0.056
0.052
0.043
0.004
0.038
0.013
0.03
0.004
0.017
0.045
0.067
0.058
0.028
0.053
0.052
0.023
0.018
0.028
0.005
0.033
0.033
0.014
0.052
0.096
0.09
0.041
0.041
0.041
0.043
0.04
0.081
0.06
0.0
0.043
0.106
0.069
0.084
0.101
0.056
0.04
0.059
0.054
0.085
0.064
0.009
0.05
0.015
0.036
0.021
0.0
0.01
0.048
0.047
0.023
0.017
0.036
0.012
0.012
0.104
0.096
0.075
0.089
0.103
0.0
0.056
0.032
0.019
0.033
0.083
0.119
0.083
0.083
0.037
0.0
0.056
0.103
0.059
0.022
0.069
0.039
0.057
0.107
0.026
0.054
0.026
0.0
0.0
0.0
0.0
0.0
0.06
0.072
0.023
0.023
0.06
0.101
0.099
0.059
0.071
0.059
0.023
0.023
0.034
0.084
0.11
0.11
0.081
0.057
0.069
0.045
0.033
0.035
0.036
0.089
0.075
0.049
0.024
0.05
0.037
0.012
0.025
0.038
0.025
0.093
0.042
0.028
0.07
0.086
0.086
0.041
0.027
0.028
0.0
0.043
0.062
0.032
0.05
0.049
0.065
0.082
0.048
0.048
0.046
0.063
0.079
0.094
0.076
0.136
0.179
0.129
0.113
0.053
0.0
0.093
0.079
0.065
0.051
0.09
0.156
0.221
0.21
0.153
0.101
0.043
0.101
0.106
0.181
0.14
0.101
0.043
0.133
0.138
0.204
0.155
0.147
0.15
0.217
0.216
0.154
0.098
0.047
0.089
0.034
0.034
0.062
0.093
0.049
0.03
0.083
0.095
0.051
0.03
0.041
0.097
0.085
0.03
0.03
0.01
0.021
0.0
0.043
0.034
0.036
0.075
0.024
0.024
0.06
0.085
0.06
0.035
0.011
0.023
0.048
0.061
0.036
0.048
0.023
0.035
0.023
0.023
0.047
0.059
0.059
0.011
0.071
0.012
0.0
0.013
0.04
0.054
0.026
0.053
0.039
0.039
0.026
0.026
0.039
0.013
0.013
0.039
0.079
0.079
0.065
0.051
0.024
0.037
0.05
0.037
0.012
0.037
0.037
0.037
0.061
0.048
0.036
0.036
0.012
0.012
0.012
0.049
0.052
0.054
0.093
0.079
0.065
0.051
0.025
0.013
0.0
0.0
0.0
0.053
0.093
0.079
0.077
0.103
0.075
0.075
0.024
0.036
0.048
0.074
0.024
0.074
0.039
0.026
0.039
0.026
0.039
0.013
0.013
0.039
0.0
0.039
0.039
0.053
0.039
0.026
0.026
0.0
0.0
0.039
0.013
0.027
0.027
0.04
0.04
0.067
0.053
0.026
0.039
0.0
0.026
0.013
0.04
0.013
0.042
0.029
0.077
0.076
0.106
0.09
0.074
0.056
0.056
0.042
0.042
0.054
0.123
0.123
0.093
0.051
0.025
0.117
0.171
0.177
0.169
0.2
0.157
0.108
0.062
0.04
0.02
0.052
0.0
0.0
0.049
0.049
0.062
0.024
0.024
0.0
0.024
0.114
0.086
0.072
0.06
0.046
0.046
0.058
0.034
0.07
0.129
0.09
0.09
0.066
0.01
0.043
0.045
0.035
0.034
0.057
0.094
0.081
0.033
0.044
0.054
0.066
0.054
0.032
0.078
0.102
0.054
0.043
0.056
0.06
0.047
0.059
0.047
0.023
0.059
0.012
0.011
0.035
0.035
0.035
0.035
0.034
0.011
0.023
0.034
0.045
0.103
0.136
0.124
0.099
0.063
0.12
0.062
0.04
0.03
0.051
0.082
0.102
0.069
0.099
0.067
0.084
0.151
0.138
0.117
0.069
0.016
0.042
0.059
0.101
0.139
0.092
0.04
0.065
0.05
0.033
0.024
0.051
0.062
0.009
0.019
0.058
0.019
0.058
0.038
0.019
0.009
0.019
0.059
0.052
0.03
0.01
0.042
0.055
0.044
0.056
0.044
0.022
0.056
0.056
0.056
0.067
0.054
0.065
0.032
0.032
0.021
0.032
0.043
0.097
0.151
0.151
0.103
0.049
0.049
0.019
0.066
0.18
0.196
0.168
0.168
0.179
0.218
0.216
1.076
0.986
0.89
0.803
0.197
0.0
0.0
0.0
0.07
0.071
0.17
0.152
0.1
0.052
0.115
0.094
0.11
0.109
0.218
0.171
0.116
0.082
0.031
0.111
0.109
0.182
0.217
0.159
0.106
0.05
0.05
0.08
0.099
0.076
0.043
0.02
0.048
0.017
0.051
0.062
0.045
0.057
0.011
0.042
0.019
0.044
0.091
0.14
0.213
0.215
0.217
1.424
1.534
1.652
1.769
0.369
0.246
0.132
0.101
0.0
0.083
0.094
0.078
0.101
0.078
0.063
0.066
0.031
0.103
0.047
0.023
0.049
0.117
0.109
0.047
0.049
0.093
0.095
0.09
0.092
0.11
0.06
0.047
0.044
0.088
0.025
0.027
0.078
0.069
0.041
0.049
0.079
0.109
0.085
0.118
0.068
0.026
0.032
0.045
0.208
0.248
0.238
0.126
0.089
0.033
0.055
0.027
0.049
0.03
0.167
0.183
0.205
0.095
0.044
0.03
0.031
0.047
0.074
0.062
0.008
0.103
0.032
0.043
0.036
0.043
0.034
0.007
0.031
0.029
0.045
0.064
0.092
0.132
0.034
0.132
0.139
0.123
0.11
0.076
0.089
0.082
0.086
0.084
0.04
0.043
0.033
0.088
0.206
0.223
0.21
0.153
0.049
0.116
0.094
0.116
0.128
0.141
0.106
0.129
0.123
0.11
0.07
0.069
0.053
0.06
0.043
0.031
0.043
0.059
0.073
0.13
0.074
0.044
0.014
0.041
0.028
0.048
0.007
0.024
0.03
0.027
0.01
0.049
0.003
0.034
0.035
0.033
0.074
0.056
0.013
0.017
0.065
0.027
0.027
0.022
0.038
0.018
0.043
0.062
0.06
0.065
0.096
0.04
0.025
0.04
0.008
0.027
0.034
0.024
0.072
0.062
0.033
0.026
0.042
0.057
0.032
0.034
0.054
0.073
0.072
0.022
0.034
0.046
0.018
0.01
0.066
0.014
0.048
0.044
0.018
0.02
0.018
0.014
0.016
0.028
0.036
0.074
0.088
0.086
0.053
0.027
0.035
0.026
0.029
0.059
0.054
0.048
0.017
0.024
0.031
0.049
0.015
0.048
0.007
0.032
0.047
0.114
0.055
0.036
0.047
0.043
0.055
0.036
0.066
0.063
0.038
0.038
0.041
0.034
0.038
0.06
0.042
0.051
0.049
0.063
0.047
0.042
0.063
0.051
0.055
0.046
0.04
0.046
0.042
0.066
0.085
0.106
0.06
0.029
0.041
0.027
0.015
0.007
0.028
0.04
0.008
0.029
0.124
0.253
0.251
0.211
0.1
0.042
0.065
0.056
0.061
0.055
0.071
0.111
0.083
0.074
0.024
0.058
0.002
0.023
0.031
0.053
0.043
0.026
0.007
0.024
0.038
0.043
0.047
0.025
0.012
0.036
0.018
0.016
0.002
0.054
0.047
0.061
0.08
0.073
0.073
0.042
0.035
0.021
0.039
0.035
0.037
0.044
0.049
0.0
0.035
0.025
0.029
0.038
0.017
0.036
0.041
0.015
0.012
0.019
0.003
0.024
0.037
0.02
0.004
0.014
0.011
0.005
0.064
0.029
0.017
0.023
0.036
0.051
0.04
0.024
0.034
0.045
0.063
0.074
0.087
0.11
0.116
0.072
0.043
0.038
0.02
0.013
0.01
0.017
0.005
0.012
0.024
0.024
0.029
0.018
0.007
0.045
0.024
0.034
0.029
0.029
0.018
0.029
0.019
0.035
0.016
0.03
0.021
0.036
0.036
0.034
0.03
0.031
0.019
0.035
0.015
0.015
0.035
0.005
0.022
0.028
0.032
0.038
0.017
0.029
0.023
0.013
0.013
0.019
0.006
0.011
0.043
0.029
0.013
0.008
0.087
0.069
0.082
0.091
0.079
0.082
0.104
0.118
0.144
0.04
0.049
0.063
0.054
0.028
0.044
0.007
0.027
0.067
0.11
0.117
0.093
0.056
0.026
0.088
0.038
0.068
0.023
0.034
0.026
0.034
0.061
0.062
0.113
0.107
0.13
0.11
0.111
0.109
0.051
0.058
0.066
0.101
0.07
0.041
0.041
0.023
0.034
0.039
0.018
0.005
0.013
0.024
0.009
0.004
0.024
0.017
0.002
0.009
0.005
0.011
0.017
0.002
0.004
0.021
0.045
0.065
0.053
0.022
0.009
0.024
0.02
0.013
0.007
0.013
0.026
0.02
0.032
0.005
0.015
0.024
0.02
0.004
0.004
0.009
0.002
0.013
0.022
0.033
0.042
0.046
0.023
0.023
0.009
0.011
0.023
0.018
0.032
0.009
0.0
0.009
0.021
0.021
0.041
0.039
0.044
0.035
0.007
0.003
0.01
0.009
0.017
0.005
0.017
0.031
0.02
0.053
0.05
0.041
0.026
0.016
0.026
0.033
0.038
0.045
0.029
0.042
0.035
0.06
0.03
0.034
0.043
0.043
0.038
0.038
0.055
0.058
0.057
0.043
0.059
0.066
0.061
0.041
0.021
0.001
0.031
0.008
0.005
0.025
0.017
0.039
0.049
0.051
0.034
0.024
0.052
0.044
0.028
0.037
0.037
0.039
0.035
0.023
0.074
0.013
0.029
0.034
0.018
0.109
0.111
0.168
0.176
0.14
0.151
0.062
0.071
0.036
0.051
0.048
0.046
0.01
0.086
0.034
0.069
0.053
0.059
0.036
0.026
0.019
0.026
0.021
0.023
0.086
0.127
0.098
0.092
0.083
0.035
0.04
0.057
0.013
0.023
0.003
0.037
0.025
0.031
0.01
0.016
0.003
0.019
0.118
0.082
0.081
0.062
0.041
0.024
0.019
0.015
0.064
0.067
0.084
0.054
0.025
0.05
0.018
0.147
0.231
0.341
0.464
0.466
0.464
0.463
0.409
0.329
0.209
0.099
0.072
0.106
0.349
0.328
0.257
0.229
0.167
0.183
0.075
0.145
0.105
0.022
0.068
0.061
0.087
0.095
0.166
0.082
0.012
0.086
0.061
0.136
0.148
0.08
0.027
0.059
0.037
0.152
0.192
0.211
0.273
0.223
0.111
0.044
0.065
0.038
0.081
0.058
0.151
0.231
0.184
0.147
0.096
0.083
0.186
0.148
0.15
0.099
0.097
0.193
0.085
0.021
0.033
0.026
0.077
0.024
0.07
0.128
0.127
0.05
0.096
0.085
0.07
0.053
0.013
0.063
0.081
0.087
0.122
0.148
0.218
0.144
0.147
0.119
0.054
0.055
0.054
0.073
0.036
0.072
0.191
0.098
0.073
0.066
0.078
0.051
0.046
0.034
0.053
0.037
0.017
0.016
0.038
0.019
0.007
0.022
0.12
0.068
0.008
0.072
0.036
0.097
0.057
0.075
0.038
0.052
0.043
0.013
0.028
0.059
0.024
0.017
0.107
0.067
0.142
0.1
0.035
0.023
0.046
0.068
0.102
0.137
0.085
0.038
0.032
0.046
0.016
0.034
0.008
0.115
0.129
0.182
0.137
0.045
0.064
0.061
0.031
0.016
0.025
0.052
0.088
0.09
0.167
0.182
0.15
0.078
0.023
0.016
0.018
0.137
0.14
0.14
0.156
0.08
0.08
0.063
0.05
0.035
0.059
0.075
0.01
0.022
0.027
0.035
0.023
0.06
0.023
0.086
0.052
0.077
0.099
0.121
0.115
0.078
0.059
0.027
0.014
0.014
0.058
0.046
0.01
0.036
0.022
0.031
0.008
0.05
0.062
0.065
0.053
0.011
0.013
0.045
0.072
0.086
0.09
0.075
0.042
0.044
0.047
0.012
0.022
0.018
0.042
0.031
0.01
0.033
0.023
0.031
0.037
0.011
0.027
0.032
0.018
0.006
0.022
0.041
0.038
0.014
0.023
0.01
0.033
0.075
0.07
0.06
0.041
0.01
0.025
0.028
0.003
0.011
0.014
0.023
0.015
0.003
0.044
0.033
0.035
0.027
0.028
0.023
0.008
0.01
0.03
0.04
0.051
0.067
0.074
0.046
0.084
0.085
0.066
0.074
0.028
0.008
0.027
0.009
0.009
0.014
0.042
0.047
0.064
0.043
0.062
0.009
0.013
0.004
0.013
0.025
0.025
0.05
0.046
0.037
0.031
0.028
0.016
0.036
0.022
0.039
0.043
0.043
0.038
0.032
0.014
0.011
0.012
0.025
0.01
0.014
0.029
0.029
0.024
0.021
0.002
0.013
0.011
0.01
0.007
0.015
0.008
0.016
0.027
0.027
0.041
0.005
0.009
0.01
0.009
0.008
0.013
0.009
0.011
0.008
0.005
0.008
0.002
0.006
0.012
0.022
0.005
0.016
0.04
0.049
0.047
0.06
0.011
0.063
0.012
0.027
0.028
0.019
0.017
0.021
0.005
0.031
0.062
0.057
0.056
0.029
0.014
0.025
0.015
0.009
0.014
0.015
0.009
0.027
0.036
0.058
0.062
0.056
0.106
0.103
0.101
0.091
0.056
0.025
0.015
0.01
0.016
0.014
0.033
0.027
0.021
0.009
0.006
0.009
0.037
0.039
0.03
0.018
0.017
0.002
0.009
0.001
0.02
0.012
0.041
0.044
0.046
0.03
0.005
0.017
0.016
0.01
0.006
0.013
0.01
0.006
0.024
0.014
0.006
0.009
0.002
0.004
0.014
0.048
0.052
0.083
0.073
0.02
0.023
0.018
0.031
0.023
0.02
0.006
0.016
0.022
0.017
0.02
0.004
0.003
0.021
0.034
0.01
0.015
0.008
0.007
0.021
0.027
0.024
0.051
0.055
0.07
0.035
0.031
0.027
0.027
0.034
0.047
0.048
0.018
0.041
0.039
0.03
0.027
0.025
0.045
0.04
0.078
0.062
0.046
0.058
0.034
0.009
0.009
0.014
0.003
0.02
0.01
0.006
0.009
0.025
0.012
0.015
0.01
0.009
0.007
0.006
0.004
0.01
0.003
0.009
0.004
0.009
0.015
0.001
0.01
0.004
0.023
0.012
0.008
0.012
0.012
0.011
0.021
0.013
0.013
0.013
0.006
0.0
0.017
0.011
0.008
0.005
0.008
0.005
0.026
0.032
0.02
0.023
0.009
0.005
0.012
0.006
0.005
0.014
0.022
0.014
0.009
0.017
0.023
0.017
0.041
0.027
0.029
0.023
0.01
0.01
0.022
0.034
0.042
0.045
0.021
0.009
0.022
0.012
0.012
0.004
0.029
0.03
0.029
0.041
0.015
0.006
0.005
0.011
0.011
0.011
0.028
0.012
0.015
0.024
0.017
0.02
0.014
0.009
0.008
0.002
0.016
0.003
0.003
0.013
0.013
0.026
0.018
0.018
0.039
0.006
0.018
0.021
0.016
0.008
0.025
0.015
0.015
0.008
0.022
0.025
0.031
0.023
0.02
0.023
0.014
0.033
0.059
0.065
0.061
0.059
0.045
0.011
0.023
0.014
0.036
0.057
0.079
0.079
0.083
0.041
0.025
0.039
0.049
0.088
0.101
0.073
0.055
0.041
0.061
0.067
0.039
0.046
0.011
0.023
0.014
0.025
0.012
0.01
0.004
0.02
0.008
0.035
0.012
0.006
0.041
0.017
0.024
0.085
0.032
0.027
0.084
0.061
0.058
0.073
0.045
0.036
0.028
0.017
0.042
0.038
0.053
0.035
0.008
0.014
0.014
0.01
0.01
0.008
0.012
0.015
0.023
0.023
0.034
0.032
0.017
0.052
0.047
0.04
0.052
0.038
0.013
0.007
0.02
0.022
0.02
0.007
0.007
0.007
0.002
0.025
0.047
0.069
0.049
0.035
0.019
0.014
0.04
0.064
0.119
0.099
0.094
0.099
0.038
0.056
0.052
0.01
0.038
0.027
0.01
0.041
0.042
0.033
0.024
0.004
0.02
0.032
0.019
0.019
0.019
0.019
0.009
0.016
0.019
0.021
0.022
0.027
0.027
0.012
0.007
0.034
0.022
0.027
0.034
0.014
0.057
0.036
0.044
0.007
0.069
0.084
0.066
0.077
0.037
0.028
0.025
0.016
0.023
0.014
0.005
0.005
0.043
0.052
0.057
0.085
0.043
0.029
0.029
0.02
0.004
0.016
0.022
0.046
0.028
0.026
0.009
0.024
0.029
0.019
0.029
0.012
0.016
0.029
0.016
0.016
0.007
0.009
0.01
0.01
0.017
0.022
0.017
0.009
0.007
0.019
0.017
0.002
0.014
0.005
0.022
0.025
0.015
0.012
0.012
0.01
0.01
0.01
0.045
0.035
0.032
0.035
0.005
0.002
0.017
0.02
0.005
0.023
0.005
0.002
0.039
0.046
0.035
0.022
0.019
0.051
0.054
0.011
0.051
0.054
0.045
0.036
0.05
0.033
0.068
0.07
0.059
0.048
0.028
0.044
0.073
0.064
0.045
0.077
0.082
0.061
0.061
0.0
0.044
0.024
0.005
0.05
0.064
0.082
0.05
0.071
0.057
0.034
0.01
0.015
0.027
0.017
0.012
0.02
0.015
0.005
0.028
0.01
0.06
0.055
0.036
0.023
0.018
0.013
0.028
0.023
0.028
0.058
0.01
0.013
0.015
0.013
0.01
0.015
0.036
0.025
0.099
0.093
0.085
0.08
0.056
0.045
0.042
0.05
0.05
0.055
0.048
0.062
0.032
0.035
0.019
0.027
0.029
0.049
0.049
0.031
0.062
0.102
0.126
0.11
0.08
0.089
0.022
0.044
0.073
0.086
0.065
0.058
0.126
0.217
0.195
0.182
0.074
0.085
0.038
0.013
0.013
0.027
0.019
0.013
0.026
0.04
0.127
0.148
0.137
0.095
0.064
0.036
0.038
0.047
0.002
0.038
0.058
0.063
0.052
0.023
0.044
0.014
0.012
0.023
0.028
0.021
0.093
0.177
0.152
0.108
0.09
0.013
0.068
0.074
0.063
0.057
0.127
0.11
0.1
0.078
0.033
0.022
0.03
0.047
0.021
0.012
0.028
0.014
0.027
0.017
0.053
0.074
0.07
0.092
0.12
0.094
0.108
0.092
0.033
0.046
0.045
0.036
0.013
0.02
0.013
0.017
0.021
0.011
0.019
0.002
0.015
0.027
0.015
0.006
0.053
0.037
0.041
0.043
0.027
0.008
0.019
0.012
0.014
0.02
0.054
0.063
0.086
0.069
0.059
0.039
0.033
0.015
0.014
0.02
0.018
0.04
0.016
0.008
0.023
0.002
0.017
0.027
0.023
0.035
0.016
0.006
0.004
0.01
0.027
0.036
0.014
0.01
0.019
0.027
0.019
0.023
0.021
0.016
0.1
0.172
0.168
0.182
0.074
0.08
0.035
0.015
0.004
0.022
0.022
0.053
0.06
0.066
0.051
0.023
0.027
0.013
0.019
0.021
0.021
0.028
0.008
0.008
0.02
0.024
0.016
0.018
0.022
0.016
0.008
0.016
0.021
0.021
0.01
0.008
0.012
0.008
0.008
0.006
0.017
0.002
0.008
0.004
0.019
0.006
0.006
0.028
0.009
0.024
0.026
0.047
0.049
0.026
0.035
0.031
0.007
0.004
0.009
0.007
0.009
0.007
0.013
0.029
0.042
0.038
0.022
0.011
0.017
0.009
0.025
0.033
0.038
0.033
0.031
0.004
0.041
0.039
0.036
0.041
0.015
0.021
0.015
0.023
0.015
0.021
0.015
0.017
0.011
0.009
0.022
0.004
0.036
0.018
0.055
0.033
0.048
0.046
0.038
0.015
0.017
0.022
0.03
0.012
0.012
0.012
0.002
0.01
