0
13141111111
13141111113
13141111114
13141111119
13141111131
13141111133
13141111134
13141111139
13141111141
13141111143
13141111144
13141111149
13141111191
13141111193
13141111194
13141111199
13141111311
13141111313
13141111314
13141111319
13141111331
13141111333
13141111334
13141111339
13141111341
13141111343
13141111344
13141111349
13141111391
13141111393
13141111394
13141111399
13141111411
13141111413
13141111414
13141111419
13141111431
13141111433
13141111434
13141111439
13141111441
13141111443
13141111444
13141111449
13141111491
13141111493
13141111494
13141111499
13141111911
13141111913
13141111914
13141111919
13141111931
13141111933
13141111934
13141111939
13141111941
13141111943
13141111944
13141111949
13141111991
13141111993
13141111994
13141111999
13141113111
13141113113
13141113114
13141113119
13141113131
13141113133
13141113134
13141113139
13141113141
13141113143
13141113144
13141113149
13141113191
13141113193
13141113194
13141113199
13141113311
13141113313
13141113314
13141113319
13141113331
13141113333
13141113334
13141113339
13141113341
13141113343
13141113344
13141113349
13141113391
13141113393
13141113394
13141113399
13141113411
13141113413
13141113414
13141113419
13141113431
13141113433
13141113434
13141113439
13141113441
13141113443
13141113444
13141113449
13141113491
13141113493
13141113494
13141113499
13141113911
13141113913
13141113914
13141113919
13141113931
13141113933
13141113934
13141113939
13141113941
13141113943
13141113944
13141113949
13141113991
13141113993
13141113994
13141113999
13141114111
13141114113
13141114114
13141114119
13141114131
13141114133
13141114134
13141114139
13141114141
13141114143
13141114144
13141114149
13141114191
13141114193
13141114194
13141114199
13141114311
13141114313
13141114314
13141114319
13141114331
13141114333
13141114334
13141114339
13141114341
13141114343
13141114344
13141114349
13141114391
13141114393
13141114394
13141114399
13141114411
13141114413
13141114414
13141114419
13141114431
13141114433
13141114434
13141114439
13141114441
13141114443
13141114444
13141114449
13141114491
13141114493
13141114494
13141114499
13141114911
13141114913
13141114914
13141114919
13141114931
13141114933
13141114934
13141114939
13141114941
13141114943
13141114944
13141114949
13141114991
13141114993
13141114994
13141114999
13141119111
13141119113
13141119114
13141119119
13141119131
13141119133
13141119134
13141119139
13141119141
13141119143
13141119144
13141119149
13141119191
13141119193
13141119194
13141119199
13141119311
13141119313
13141119314
13141119319
13141119331
13141119333
13141119334
13141119339
13141119341
13141119343
13141119344
13141119349
13141119391
13141119393
13141119394
13141119399
13141119411
13141119413
13141119414
13141119419
13141119431
13141119433
13141119434
13141119439
13141119441
13141119443
13141119444
13141119449
13141119491
13141119493
13141119494
13141119499
13141119911
13141119913
13141119914
13141119919
13141119931
13141119933
13141119934
13141119939
13141119941
13141119943
13141119944
13141119949
13141119991
13141119993
13141119994
13141119999
13141191111
13141191113
13141191114
13141191119
13141191131
13141191133
13141191134
13141191139
13141191141
13141191143
13141191144
13141191149
13141191191
13141191193
13141191194
13141191199
13141191311
13141191313
13141191314
13141191319
13141191331
13141191333
13141191334
13141191339
13141191341
13141191343
13141191344
13141191349
13141191391
13141191393
13141191394
13141191399
13141191411
13141191413
13141191414
13141191419
13141191431
13141191433
13141191434
13141191439
13141191441
13141191443
13141191444
13141191449
13141191491
13141191493
13141191494
13141191499
13141191911
13141191913
13141191914
13141191919
13141191931
13141191933
13141191934
13141191939
13141191941
13141191943
13141191944
13141191949
13141191991
13141191993
13141191994
13141191999
13141193111
13141193113
13141193114
13141193119
13141193131
13141193133
13141193134
13141193139
13141193141
13141193143
13141193144
13141193149
13141193191
13141193193
13141193194
13141193199
13141193311
13141193313
13141193314
13141193319
13141193331
13141193333
13141193334
13141193339
13141193341
13141193343
13141193344
13141193349
13141193391
13141193393
13141193394
13141193399
13141193411
13141193413
13141193414
13141193419
13141193431
13141193433
13141193434
13141193439
13141193441
13141193443
13141193444
13141193449
13141193491
13141193493
13141193494
13141193499
13141193911
13141193913
13141193914
13141193919
13141193931
13141193933
13141193934
13141193939
13141193941
13141193943
13141193944
13141193949
13141193991
13141193993
13141193994
13141193999
13141194111
13141194113
13141194114
13141194119
13141194131
13141194133
13141194134
13141194139
13141194141
13141194143
13141194144
13141194149
13141194191
13141194193
13141194194
13141194199
13141194311
13141194313
13141194314
13141194319
13141194331
13141194333
13141194334
13141194339
13141194341
13141194343
13141194344
13141194349
13141194391
13141194393
13141194394
13141194399
13141194411
13141194413
13141194414
13141194419
13141194431
13141194433
13141194434
13141194439
13141194441
13141194443
13141194444
13141194449
13141194491
13141194493
13141194494
13141194499
13141194911
13141194913
13141194914
13141194919
13141194931
13141194933
13141194934
13141194939
13141194941
13141194943
13141194944
13141194949
13141194991
13141194993
13141194994
13141194999
13141199111
13141199113
13141199114
13141199119
13141199131
13141199133
13141199134
13141199139
13141199141
13141199143
13141199144
13141199149
13141199191
13141199193
13141199194
13141199199
13141199311
13141199313
13141199314
13141199319
13141199331
13141199333
13141199334
13141199339
13141199341
13141199343
13141199344
13141199349
13141199391
13141199393
13141199394
13141199399
13141199411
13141199413
13141199414
13141199419
13141199431
13141199433
13141199434
13141199439
13141199441
13141199443
13141199444
13141199449
13141199491
13141199493
13141199494
13141199499
13141199911
13141199913
13141199914
13141199919
13141199931
13141199933
13141199934
13141199939
13141199941
13141199943
13141199944
13141199949
13141199991
13141199993
13141199994
13141199999
13141141111
13141141113
13141141114
13141141119
13141141131
13141141133
13141141134
13141141139
13141141141
13141141143
13141141144
13141141149
13141141191
13141141193
13141141194
13141141199
13141141311
13141141313
13141141314
13141141319
13141141331
13141141333
13141141334
13141141339
13141141341
13141141343
13141141344
13141141349
13141141391
13141141393
13141141394
13141141399
13141141411
13141141413
13141141414
13141141419
13141141431
13141141433
13141141434
13141141439
13141141441
13141141443
13141141444
13141141449
13141141491
13141141493
13141141494
13141141499
13141141911
13141141913
13141141914
13141141919
13141141931
13141141933
13141141934
13141141939
13141141941
13141141943
13141141944
13141141949
13141141991
13141141993
13141141994
13141141999
13141143111
13141143113
13141143114
13141143119
13141143131
13141143133
13141143134
13141143139
13141143141
13141143143
13141143144
13141143149
13141143191
13141143193
13141143194
13141143199
13141143311
13141143313
13141143314
13141143319
13141143331
13141143333
13141143334
13141143339
13141143341
13141143343
13141143344
13141143349
13141143391
13141143393
13141143394
13141143399
13141143411
13141143413
13141143414
13141143419
13141143431
13141143433
13141143434
13141143439
13141143441
13141143443
13141143444
13141143449
13141143491
13141143493
13141143494
13141143499
13141143911
13141143913
13141143914
13141143919
13141143931
13141143933
13141143934
13141143939
13141143941
13141143943
13141143944
13141143949
13141143991
13141143993
13141143994
13141143999
13141144111
13141144113
13141144114
13141144119
13141144131
13141144133
13141144134
13141144139
13141144141
13141144143
13141144144
13141144149
13141144191
13141144193
13141144194
13141144199
13141144311
13141144313
13141144314
13141144319
13141144331
13141144333
13141144334
13141144339
13141144341
13141144343
13141144344
13141144349
13141144391
13141144393
13141144394
13141144399
13141144411
13141144413
13141144414
13141144419
13141144431
13141144433
13141144434
13141144439
13141144441
13141144443
13141144444
13141144449
13141144491
13141144493
13141144494
13141144499
13141144911
13141144913
13141144914
13141144919
13141144931
13141144933
13141144934
13141144939
13141144941
13141144943
13141144944
13141144949
13141144991
13141144993
13141144994
13141144999
13141149111
13141149113
13141149114
13141149119
13141149131
13141149133
13141149134
13141149139
13141149141
13141149143
13141149144
13141149149
13141149191
13141149193
13141149194
13141149199
13141149311
13141149313
13141149314
13141149319
13141149331
13141149333
13141149334
13141149339
13141149341
13141149343
13141149344
13141149349
13141149391
13141149393
13141149394
13141149399
13141149411
13141149413
13141149414
13141149419
13141149431
13141149433
13141149434
13141149439
13141149441
13141149443
13141149444
13141149449
13141149491
13141149493
13141149494
13141149499
13141149911
13141149913
13141149914
13141149919
13141149931
13141149933
13141149934
13141149939
13141149941
13141149943
13141149944
13141149949
13141149991
13141149993
13141149994
13141149999
13141131111
13141131113
13141131114
13141131119
13141131131
13141131133
13141131134
13141131139
13141131141
13141131143
13141131144
13141131149
13141131191
13141131193
13141131194
13141131199
13141131311
13141131313
13141131314
13141131319
13141131331
13141131333
13141131334
13141131339
13141131341
13141131343
13141131344
13141131349
13141131391
13141131393
13141131394
13141131399
13141131411
13141131413
13141131414
13141131419
13141131431
13141131433
13141131434
13141131439
13141131441
13141131443
13141131444
13141131449
13141131491
13141131493
13141131494
13141131499
13141131911
13141131913
13141131914
13141131919
13141131931
13141131933
13141131934
13141131939
13141131941
13141131943
13141131944
13141131949
13141131991
13141131993
13141131994
13141131999
13141133111
13141133113
13141133114
13141133119
13141133131
13141133133
13141133134
13141133139
13141133141
13141133143
13141133144
13141133149
13141133191
13141133193
13141133194
13141133199
13141133311
13141133313
13141133314
13141133319
13141133331
13141133333
13141133334
13141133339
13141133341
13141133343
13141133344
13141133349
13141133391
13141133393
13141133394
13141133399
13141133411
13141133413
13141133414
13141133419
13141133431
13141133433
13141133434
13141133439
13141133441
13141133443
13141133444
13141133449
13141133491
13141133493
13141133494
13141133499
13141133911
13141133913
13141133914
13141133919
13141133931
13141133933
13141133934
13141133939
13141133941
13141133943
13141133944
13141133949
13141133991
13141133993
13141133994
13141133999
13141134111
13141134113
13141134114
13141134119
13141134131
13141134133
13141134134
13141134139
13141134141
13141134143
13141134144
13141134149
13141134191
13141134193
13141134194
13141134199
13141134311
13141134313
13141134314
13141134319
13141134331
13141134333
13141134334
13141134339
13141134341
13141134343
13141134344
13141134349
13141134391
13141134393
13141134394
13141134399
13141134411
13141134413
13141134414
13141134419
13141134431
13141134433
13141134434
13141134439
13141134441
13141134443
13141134444
13141134449
13141134491
13141134493
13141134494
13141134499
13141134911
13141134913
13141134914
13141134919
13141134931
13141134933
13141134934
13141134939
13141134941
13141134943
13141134944
13141134949
13141134991
13141134993
13141134994
13141134999
13141139111
13141139113
13141139114
13141139119
13141139131
13141139133
13141139134
13141139139
13141139141
13141139143
13141139144
13141139149
13141139191
13141139193
13141139194
13141139199
13141139311
13141139313
13141139314
13141139319
13141139331
13141139333
13141139334
13141139339
13141139341
13141139343
13141139344
13141139349
13141139391
13141139393
13141139394
13141139399
13141139411
13141139413
13141139414
13141139419
13141139431
13141139433
13141139434
13141139439
13141139441
13141139443
13141139444
13141139449
13141139491
13141139493
13141139494
13141139499
13141139911
13141139913
13141139914
13141139919
13141139931
13141139933
13141139934
13141139939
13141139941
13141139943
13141139944
13141139949
13141139991
13141139993
13141139994
13141139999
13141491111
13141491113
13141491114
13141491119
13141491131
13141491133
13141491134
13141491139
13141491141
13141491143
13141491144
13141491149
13141491191
13141491193
13141491194
13141491199
13141491311
13141491313
13141491314
13141491319
13141491331
13141491333
13141491334
13141491339
13141491341
13141491343
13141491344
13141491349
13141491391
13141491393
13141491394
13141491399
13141491411
13141491413
13141491414
13141491419
13141491431
13141491433
13141491434
13141491439
13141491441
13141491443
13141491444
13141491449
13141491491
13141491493
13141491494
13141491499
13141491911
13141491913
13141491914
13141491919
13141491931
13141491933
13141491934
13141491939
13141491941
13141491943
13141491944
13141491949
13141491991
13141491993
13141491994
13141491999
13141493111
13141493113
13141493114
13141493119
13141493131
13141493133
13141493134
13141493139
13141493141
13141493143
13141493144
13141493149
13141493191
13141493193
13141493194
13141493199
13141493311
13141493313
13141493314
13141493319
13141493331
13141493333
13141493334
13141493339
13141493341
13141493343
13141493344
13141493349
13141493391
13141493393
13141493394
13141493399
13141493411
13141493413
13141493414
13141493419
13141493431
13141493433
13141493434
13141493439
13141493441
13141493443
13141493444
13141493449
13141493491
13141493493
13141493494
13141493499
13141493911
13141493913
13141493914
13141493919
13141493931
13141493933
13141493934
13141493939
13141493941
13141493943
13141493944
13141493949
13141493991
13141493993
13141493994
13141493999
13141494111
13141494113
13141494114
13141494119
13141494131
13141494133
13141494134
13141494139
13141494141
13141494143
13141494144
13141494149
13141494191
13141494193
13141494194
13141494199
13141494311
13141494313
13141494314
13141494319
13141494331
13141494333
13141494334
13141494339
13141494341
13141494343
13141494344
13141494349
13141494391
13141494393
13141494394
13141494399
13141494411
13141494413
13141494414
13141494419
13141494431
13141494433
13141494434
13141494439
13141494441
13141494443
13141494444
13141494449
13141494491
13141494493
13141494494
13141494499
13141494911
13141494913
13141494914
13141494919
13141494931
13141494933
13141494934
13141494939
13141494941
13141494943
13141494944
13141494949
13141494991
13141494993
13141494994
13141494999
13141499111
13141499113
13141499114
13141499119
13141499131
13141499133
13141499134
13141499139
13141499141
13141499143
13141499144
13141499149
13141499191
13141499193
13141499194
13141499199
13141499311
13141499313
13141499314
13141499319
13141499331
13141499333
13141499334
13141499339
13141499341
13141499343
13141499344
13141499349
13141499391
13141499393
13141499394
13141499399
13141499411
13141499413
13141499414
13141499419
13141499431
13141499433
13141499434
13141499439
13141499441
13141499443
13141499444
13141499449
13141499491
13141499493
13141499494
13141499499
13141499911
13141499913
13141499914
13141499919
13141499931
13141499933
13141499934
13141499939
13141499941
13141499943
13141499944
13141499949
13141499991
13141499993
13141499994
13141499999
13141311111
13141311113
13141311114
13141311119
13141311131
13141311133
13141311134
13141311139
13141311141
13141311143
13141311144
13141311149
13141311191
13141311193
13141311194
13141311199
13141311311
13141311313
13141311314
13141311319
13141311331
13141311333
13141311334
13141311339
13141311341
13141311343
13141311344
13141311349
13141311391
13141311393
13141311394
13141311399
13141311411
13141311413
13141311414
13141311419
13141311431
13141311433
13141311434
13141311439
13141311441
13141311443
13141311444
13141311449
13141311491
13141311493
13141311494
13141311499
13141311911
13141311913
13141311914
13141311919
13141311931
13141311933
13141311934
13141311939
13141311941
13141311943
13141311944
13141311949
13141311991
13141311993
13141311994
13141311999
13141313111
13141313113
13141313114
13141313119
13141313131
13141313133
13141313134
13141313139
13141313141
13141313143
13141313144
13141313149
13141313191
13141313193
13141313194
13141313199
13141313311
13141313313
13141313314
13141313319
13141313331
13141313333
13141313334
13141313339
13141313341
13141313343
13141313344
13141313349
13141313391
13141313393
13141313394
13141313399
13141313411
13141313413
13141313414
13141313419
13141313431
13141313433
13141313434
13141313439
13141313441
13141313443
13141313444
13141313449
13141313491
13141313493
13141313494
13141313499
13141313911
13141313913
13141313914
13141313919
13141313931
13141313933
13141313934
13141313939
13141313941
13141313943
13141313944
13141313949
13141313991
13141313993
13141313994
13141313999
13141314111
13141314113
13141314114
13141314119
13141314131
13141314133
13141314134
13141314139
13141314141
13141314143
13141314144
13141314149
13141314191
13141314193
13141314194
13141314199
13141314311
13141314313
13141314314
13141314319
13141314331
13141314333
13141314334
13141314339
13141314341
13141314343
13141314344
13141314349
13141314391
13141314393
13141314394
13141314399
13141314411
13141314413
13141314414
13141314419
13141314431
13141314433
13141314434
13141314439
13141314441
13141314443
13141314444
13141314449
13141314491
13141314493
13141314494
13141314499
13141314911
13141314913
13141314914
13141314919
13141314931
13141314933
13141314934
13141314939
13141314941
13141314943
13141314944
13141314949
13141314991
13141314993
13141314994
13141314999
13141319111
13141319113
13141319114
13141319119
13141319131
13141319133
13141319134
13141319139
13141319141
13141319143
13141319144
13141319149
13141319191
13141319193
13141319194
13141319199
13141319311
13141319313
13141319314
13141319319
13141319331
13141319333
13141319334
13141319339
13141319341
13141319343
13141319344
13141319349
13141319391
13141319393
13141319394
13141319399
13141319411
13141319413
13141319414
13141319419
13141319431
13141319433
13141319434
13141319439
13141319441
13141319443
13141319444
13141319449
13141319491
13141319493
13141319494
13141319499
13141319911
13141319913
13141319914
13141319919
13141319931
13141319933
13141319934
13141319939
13141319941
13141319943
13141319944
13141319949
13141319991
13141319993
13141319994
13141319999
13141441111
13141441113
13141441114
13141441119
13141441131
13141441133
13141441134
13141441139
13141441141
13141441143
13141441144
13141441149
13141441191
13141441193
13141441194
13141441199
13141441311
13141441313
13141441314
13141441319
13141441331
13141441333
13141441334
13141441339
13141441341
13141441343
13141441344
13141441349
13141441391
13141441393
13141441394
13141441399
13141441411
13141441413
13141441414
13141441419
13141441431
13141441433
13141441434
13141441439
13141441441
13141441443
13141441444
13141441449
13141441491
13141441493
13141441494
13141441499
13141441911
13141441913
13141441914
13141441919
13141441931
13141441933
13141441934
13141441939
13141441941
13141441943
13141441944
13141441949
13141441991
13141441993
13141441994
13141441999
13141443111
13141443113
13141443114
13141443119
13141443131
13141443133
13141443134
13141443139
13141443141
13141443143
13141443144
13141443149
13141443191
13141443193
13141443194
13141443199
13141443311
13141443313
13141443314
13141443319
13141443331
13141443333
13141443334
13141443339
13141443341
13141443343
13141443344
13141443349
13141443391
13141443393
13141443394
13141443399
13141443411
13141443413
13141443414
13141443419
13141443431
13141443433
13141443434
13141443439
13141443441
13141443443
13141443444
13141443449
13141443491
13141443493
13141443494
13141443499
13141443911
13141443913
13141443914
13141443919
13141443931
13141443933
13141443934
13141443939
13141443941
13141443943
13141443944
13141443949
13141443991
13141443993
13141443994
13141443999
13141444111
13141444113
13141444114
13141444119
13141444131
13141444133
13141444134
13141444139
13141444141
13141444143
13141444144
13141444149
13141444191
13141444193
13141444194
13141444199
13141444311
13141444313
13141444314
13141444319
13141444331
13141444333
13141444334
13141444339
13141444341
13141444343
13141444344
13141444349
13141444391
13141444393
13141444394
13141444399
13141444411
13141444413
13141444414
13141444419
13141444431
13141444433
13141444434
13141444439
13141444441
13141444443
13141444444
13141444449
13141444491
13141444493
13141444494
13141444499
13141444911
13141444913
13141444914
13141444919
13141444931
13141444933
13141444934
13141444939
13141444941
13141444943
13141444944
13141444949
13141444991
13141444993
13141444994
13141444999
13141449111
13141449113
13141449114
13141449119
13141449131
13141449133
13141449134
13141449139
13141449141
13141449143
13141449144
13141449149
13141449191
13141449193
13141449194
13141449199
13141449311
13141449313
13141449314
13141449319
13141449331
13141449333
13141449334
13141449339
13141449341
13141449343
13141449344
13141449349
13141449391
13141449393
13141449394
13141449399
13141449411
13141449413
13141449414
13141449419
13141449431
13141449433
13141449434
13141449439
13141449441
13141449443
13141449444
13141449449
13141449491
13141449493
13141449494
13141449499
13141449911
13141449913
13141449914
13141449919
13141449931
13141449933
13141449934
13141449939
13141449941
13141449943
13141449944
13141449949
13141449991
13141449993
13141449994
13141449999
13141431111
13141431113
13141431114
13141431119
13141431131
13141431133
13141431134
13141431139
13141431141
13141431143
13141431144
13141431149
13141431191
13141431193
13141431194
13141431199
13141431311
13141431313
13141431314
13141431319
13141431331
13141431333
13141431334
13141431339
13141431341
13141431343
13141431344
13141431349
13141431391
13141431393
13141431394
13141431399
13141431411
13141431413
13141431414
13141431419
13141431431
13141431433
13141431434
13141431439
13141431441
13141431443
13141431444
13141431449
13141431491
13141431493
13141431494
13141431499
13141431911
13141431913
13141431914
13141431919
13141431931
13141431933
13141431934
13141431939
13141431941
13141431943
13141431944
13141431949
13141431991
13141431993
13141431994
13141431999
13141433111
13141433113
13141433114
13141433119
13141433131
13141433133
13141433134
13141433139
13141433141
13141433143
13141433144
13141433149
13141433191
13141433193
13141433194
13141433199
13141433311
13141433313
13141433314
13141433319
13141433331
13141433333
13141433334
13141433339
13141433341
13141433343
13141433344
13141433349
13141433391
13141433393
13141433394
13141433399
13141433411
13141433413
13141433414
13141433419
13141433431
13141433433
13141433434
13141433439
13141433441
13141433443
13141433444
13141433449
13141433491
13141433493
13141433494
13141433499
13141433911
13141433913
13141433914
13141433919
13141433931
13141433933
13141433934
13141433939
13141433941
13141433943
13141433944
13141433949
13141433991
13141433993
13141433994
13141433999
13141434111
13141434113
13141434114
13141434119
13141434131
13141434133
13141434134
13141434139
13141434141
13141434143
13141434144
13141434149
13141434191
13141434193
13141434194
13141434199
13141434311
13141434313
13141434314
13141434319
13141434331
13141434333
13141434334
13141434339
13141434341
13141434343
13141434344
13141434349
13141434391
13141434393
13141434394
13141434399
13141434411
13141434413
13141434414
13141434419
13141434431
13141434433
13141434434
13141434439
13141434441
13141434443
13141434444
13141434449
13141434491
13141434493
13141434494
13141434499
13141434911
13141434913
13141434914
13141434919
13141434931
13141434933
13141434934
13141434939
13141434941
13141434943
13141434944
13141434949
13141434991
13141434993
13141434994
13141434999
13141439111
13141439113
13141439114
13141439119
13141439131
13141439133
13141439134
13141439139
13141439141
13141439143
13141439144
13141439149
13141439191
13141439193
13141439194
13141439199
13141439311
13141439313
13141439314
13141439319
13141439331
13141439333
13141439334
13141439339
13141439341
13141439343
13141439344
13141439349
13141439391
13141439393
13141439394
13141439399
13141439411
13141439413
13141439414
13141439419
13141439431
13141439433
13141439434
13141439439
13141439441
13141439443
13141439444
13141439449
13141439491
13141439493
13141439494
13141439499
13141439911
13141439913
13141439914
13141439919
13141439931
13141439933
13141439934
13141439939
13141439941
13141439943
13141439944
13141439949
13141439991
13141439993
13141439994
13141439999
13141411111
13141411113
13141411114
13141411119
13141411131
13141411133
13141411134
13141411139
13141411141
13141411143
13141411144
13141411149
13141411191
13141411193
13141411194
13141411199
13141411311
13141411313
13141411314
13141411319
13141411331
13141411333
13141411334
13141411339
13141411341
13141411343
13141411344
13141411349
13141411391
13141411393
13141411394
13141411399
13141411411
13141411413
13141411414
13141411419
13141411431
13141411433
13141411434
13141411439
13141411441
13141411443
13141411444
13141411449
13141411491
13141411493
13141411494
13141411499
13141411911
13141411913
13141411914
13141411919
13141411931
13141411933
13141411934
13141411939
13141411941
13141411943
13141411944
13141411949
13141411991
13141411993
13141411994
13141411999
13141413111
13141413113
13141413114
13141413119
13141413131
13141413133
13141413134
13141413139
13141413141
13141413143
13141413144
13141413149
13141413191
13141413193
13141413194
13141413199
13141413311
13141413313
13141413314
13141413319
13141413331
13141413333
13141413334
13141413339
13141413341
13141413343
13141413344
13141413349
13141413391
13141413393
13141413394
13141413399
13141413411
13141413413
13141413414
13141413419
13141413431
13141413433
13141413434
13141413439
13141413441
13141413443
13141413444
13141413449
13141413491
13141413493
13141413494
13141413499
13141413911
13141413913
13141413914
13141413919
13141413931
13141413933
13141413934
13141413939
13141413941
13141413943
13141413944
13141413949
13141413991
13141413993
13141413994
13141413999
13141414111
13141414113
13141414114
13141414119
13141414131
13141414133
13141414134
13141414139
13141414141
13141414143
13141414144
13141414149
13141414191
13141414193
13141414194
13141414199
13141414311
13141414313
13141414314
13141414319
13141414331
13141414333
13141414334
13141414339
13141414341
13141414343
13141414344
13141414349
13141414391
13141414393
13141414394
13141414399
13141414411
13141414413
13141414414
13141414419
13141414431
13141414433
13141414434
13141414439
13141414441
13141414443
13141414444
13141414449
13141414491
13141414493
13141414494
13141414499
13141414911
13141414913
13141414914
13141414919
13141414931
13141414933
13141414934
13141414939
13141414941
13141414943
13141414944
13141414949
13141414991
13141414993
13141414994
13141414999
13141419111
13141419113
13141419114
13141419119
13141419131
13141419133
13141419134
13141419139
13141419141
13141419143
13141419144
13141419149
13141419191
13141419193
13141419194
13141419199
13141419311
13141419313
13141419314
13141419319
13141419331
13141419333
13141419334
13141419339
13141419341
13141419343
13141419344
13141419349
13141419391
13141419393
13141419394
13141419399
13141419411
13141419413
13141419414
13141419419
13141419431
13141419433
13141419434
13141419439
13141419441
13141419443
13141419444
13141419449
13141419491
13141419493
13141419494
13141419499
13141419911
13141419913
13141419914
13141419919
13141419931
13141419933
13141419934
13141419939
13141419941
13141419943
13141419944
13141419949
13141419991
13141419993
13141419994
13141419999
13141341111
13141341113
13141341114
13141341119
13141341131
13141341133
13141341134
13141341139
13141341141
13141341143
13141341144
13141341149
13141341191
13141341193
13141341194
13141341199
13141341311
13141341313
13141341314
13141341319
13141341331
13141341333
13141341334
13141341339
13141341341
13141341343
13141341344
13141341349
13141341391
13141341393
13141341394
13141341399
13141341411
13141341413
13141341414
13141341419
13141341431
13141341433
13141341434
13141341439
13141341441
13141341443
13141341444
13141341449
13141341491
13141341493
13141341494
13141341499
13141341911
13141341913
13141341914
13141341919
13141341931
13141341933
13141341934
13141341939
13141341941
13141341943
13141341944
13141341949
13141341991
13141341993
13141341994
13141341999
13141343111
13141343113
13141343114
13141343119
13141343131
13141343133
13141343134
13141343139
13141343141
13141343143
13141343144
13141343149
13141343191
13141343193
13141343194
13141343199
13141343311
13141343313
13141343314
13141343319
13141343331
13141343333
13141343334
13141343339
13141343341
13141343343
13141343344
13141343349
13141343391
13141343393
13141343394
13141343399
13141343411
13141343413
13141343414
13141343419
13141343431
13141343433
13141343434
13141343439
13141343441
13141343443
13141343444
13141343449
13141343491
13141343493
13141343494
13141343499
13141343911
13141343913
13141343914
13141343919
13141343931
13141343933
13141343934
13141343939
13141343941
13141343943
13141343944
13141343949
13141343991
13141343993
13141343994
13141343999
13141344111
13141344113
13141344114
13141344119
13141344131
13141344133
13141344134
13141344139
13141344141
13141344143
13141344144
13141344149
13141344191
13141344193
13141344194
13141344199
13141344311
13141344313
13141344314
13141344319
13141344331
13141344333
13141344334
13141344339
13141344341
13141344343
13141344344
13141344349
13141344391
13141344393
13141344394
13141344399
13141344411
13141344413
13141344414
13141344419
13141344431
13141344433
13141344434
13141344439
13141344441
13141344443
13141344444
13141344449
13141344491
13141344493
13141344494
13141344499
13141344911
13141344913
13141344914
13141344919
13141344931
13141344933
13141344934
13141344939
13141344941
13141344943
13141344944
13141344949
13141344991
13141344993
13141344994
13141344999
13141349111
13141349113
13141349114
13141349119
13141349131
13141349133
13141349134
13141349139
13141349141
13141349143
13141349144
13141349149
13141349191
13141349193
13141349194
13141349199
13141349311
13141349313
13141349314
13141349319
13141349331
13141349333
13141349334
13141349339
13141349341
13141349343
13141349344
13141349349
13141349391
13141349393
13141349394
13141349399
13141349411
13141349413
13141349414
13141349419
13141349431
13141349433
13141349434
13141349439
13141349441
13141349443
13141349444
13141349449
13141349491
13141349493
13141349494
13141349499
13141349911
13141349913
13141349914
13141349919
13141349931
13141349933
13141349934
13141349939
13141349941
13141349943
13141349944
13141349949
13141349991
13141349993
13141349994
13141349999
13141331111
13141331113
13141331114
13141331119
13141331131
13141331133
13141331134
13141331139
13141331141
13141331143
13141331144
13141331149
13141331191
13141331193
13141331194
13141331199
13141331311
13141331313
13141331314
13141331319
13141331331
13141331333
13141331334
13141331339
13141331341
13141331343
13141331344
13141331349
13141331391
13141331393
13141331394
13141331399
13141331411
13141331413
13141331414
13141331419
13141331431
13141331433
13141331434
13141331439
13141331441
13141331443
13141331444
13141331449
13141331491
13141331493
13141331494
13141331499
13141331911
13141331913
13141331914
13141331919
13141331931
13141331933
13141331934
13141331939
13141331941
13141331943
13141331944
13141331949
13141331991
13141331993
13141331994
13141331999
13141333111
13141333113
13141333114
13141333119
13141333131
13141333133
13141333134
13141333139
13141333141
13141333143
13141333144
13141333149
13141333191
13141333193
13141333194
13141333199
13141333311
13141333313
13141333314
13141333319
13141333331
13141333333
13141333334
13141333339
13141333341
13141333343
13141333344
13141333349
13141333391
13141333393
13141333394
13141333399
13141333411
13141333413
13141333414
13141333419
13141333431
13141333433
13141333434
13141333439
13141333441
13141333443
13141333444
13141333449
13141333491
13141333493
13141333494
13141333499
13141333911
13141333913
13141333914
13141333919
13141333931
13141333933
13141333934
13141333939
13141333941
13141333943
13141333944
13141333949
13141333991
13141333993
13141333994
13141333999
13141334111
13141334113
13141334114
13141334119
13141334131
13141334133
13141334134
13141334139
13141334141
13141334143
13141334144
13141334149
13141334191
13141334193
13141334194
13141334199
13141334311
13141334313
13141334314
13141334319
13141334331
13141334333
13141334334
13141334339
13141334341
13141334343
13141334344
13141334349
13141334391
13141334393
13141334394
13141334399
13141334411
13141334413
13141334414
13141334419
13141334431
13141334433
13141334434
13141334439
13141334441
13141334443
13141334444
13141334449
13141334491
13141334493
13141334494
13141334499
13141334911
13141334913
13141334914
13141334919
13141334931
13141334933
13141334934
13141334939
13141334941
13141334943
13141334944
13141334949
13141334991
13141334993
13141334994
13141334999
13141339111
13141339113
13141339114
13141339119
13141339131
13141339133
13141339134
13141339139
13141339141
13141339143
13141339144
13141339149
13141339191
13141339193
13141339194
13141339199
13141339311
13141339313
13141339314
13141339319
13141339331
13141339333
13141339334
13141339339
13141339341
13141339343
13141339344
13141339349
13141339391
13141339393
13141339394
13141339399
13141339411
13141339413
13141339414
13141339419
13141339431
13141339433
13141339434
13141339439
13141339441
13141339443
13141339444
13141339449
13141339491
13141339493
13141339494
13141339499
13141339911
13141339913
13141339914
13141339919
13141339931
13141339933
13141339934
13141339939
13141339941
13141339943
13141339944
13141339949
13141339991
13141339993
13141339994
13141339999
13141391111
13141391113
13141391114
13141391119
13141391131
13141391133
13141391134
13141391139
13141391141
13141391143
13141391144
13141391149
13141391191
13141391193
13141391194
13141391199
13141391311
13141391313
13141391314
13141391319
13141391331
13141391333
13141391334
13141391339
13141391341
13141391343
13141391344
13141391349
13141391391
13141391393
13141391394
13141391399
13141391411
13141391413
13141391414
13141391419
13141391431
13141391433
13141391434
13141391439
13141391441
13141391443
13141391444
13141391449
13141391491
13141391493
13141391494
13141391499
13141391911
13141391913
13141391914
13141391919
13141391931
13141391933
13141391934
13141391939
13141391941
13141391943
13141391944
13141391949
13141391991
13141391993
13141391994
13141391999
13141393111
13141393113
13141393114
13141393119
13141393131
13141393133
13141393134
13141393139
13141393141
13141393143
13141393144
13141393149
13141393191
13141393193
13141393194
13141393199
13141393311
13141393313
13141393314
13141393319
13141393331
13141393333
13141393334
13141393339
13141393341
13141393343
13141393344
13141393349
13141393391
13141393393
13141393394
13141393399
13141393411
13141393413
13141393414
13141393419
13141393431
13141393433
13141393434
13141393439
13141393441
13141393443
13141393444
13141393449
13141393491
13141393493
13141393494
13141393499
13141393911
13141393913
13141393914
13141393919
13141393931
13141393933
13141393934
13141393939
13141393941
13141393943
13141393944
13141393949
13141393991
13141393993
13141393994
13141393999
13141394111
13141394113
13141394114
13141394119
13141394131
13141394133
13141394134
13141394139
13141394141
13141394143
13141394144
13141394149
13141394191
13141394193
13141394194
13141394199
13141394311
13141394313
13141394314
13141394319
13141394331
13141394333
13141394334
13141394339
13141394341
13141394343
13141394344
13141394349
13141394391
13141394393
13141394394
13141394399
13141394411
13141394413
13141394414
13141394419
13141394431
13141394433
13141394434
13141394439
13141394441
13141394443
13141394444
13141394449
13141394491
13141394493
13141394494
13141394499
13141394911
13141394913
13141394914
13141394919
13141394931
13141394933
13141394934
13141394939
13141394941
13141394943
13141394944
13141394949
13141394991
13141394993
13141394994
13141394999
13141399111
13141399113
13141399114
13141399119
13141399131
13141399133
13141399134
13141399139
13141399141
13141399143
13141399144
13141399149
13141399191
13141399193
13141399194
13141399199
13141399311
13141399313
13141399314
13141399319
13141399331
13141399333
13141399334
13141399339
13141399341
13141399343
13141399344
13141399349
13141399391
13141399393
13141399394
13141399399
13141399411
13141399413
13141399414
13141399419
13141399431
13141399433
13141399434
13141399439
13141399441
13141399443
13141399444
13141399449
13141399491
13141399493
13141399494
13141399499
13141399911
13141399913
13141399914
13141399919
13141399931
13141399933
13141399934
13141399939
13141399941
13141399943
13141399944
13141399949
13141399991
13141399993
13141399994
13141399999
